49	0	333
320	0	82
246	0	65
130	0	117
33	0	327
84	0	314
67	0	334
351	0	296
248	0	90
397	0	295
351	0	198
353	0	329
248	0	329
175	0	348
265	0	287
274	0	215
84	0	70
147	0	366
246	0	25
1	0	314
112	0	15
301	0	182
74	0	130
379	0	211
320	0	175
14	0	105
398	0	45
123	0	81
300	0	200
379	0	188
246	0	242
330	0	144
106	0	204
379	0	111
166	0	344
74	0	113
360	0	219
130	0	141
265	0	361
287	0	341
211	0	360
143	0	370
123	0	200
179	0	320
397	0	127
34	0	211
216	0	154
84	0	184
3	0	212
22	0	392
87	0	204
397	0	352
265	0	394
95	0	253
34	0	171
322	0	305
33	0	88
209	0	2
300	0	267
13	0	276
84	0	297
351	0	101
291	0	308
75	0	53
247	0	366
279	0	249
43	0	291
200	0	146
397	0	282
209	0	247
22	0	226
395	0	17
172	0	111
398	0	393
13	0	267
300	0	87
212	0	220
351	0	113
322	0	290
0	0	188
33	0	324
14	0	19
123	0	322
123	0	307
330	0	146
123	0	184
351	0	334
377	0	313
87	0	295
397	0	30
216	0	227
301	0	16
176	0	81
14	0	101
112	0	352
33	0	213
370	0	308
166	0	396
147	0	362
221	0	17
55	0	152
272	0	204
308	0	188
179	0	333
348	0	332
166	0	140
74	0	229
398	0	18
123	0	60
26	0	83
110	0	232
216	0	271
270	0	148
395	0	113
67	0	7
247	0	15
246	0	40
112	0	375
31	0	177
241	0	375
330	0	261
176	0	125
74	0	388
137	0	287
287	0	12
14	0	90
22	0	185
123	0	39
110	0	344
265	0	171
279	0	258
119	0	122
33	0	229
125	0	138
247	0	380
133	0	116
385	0	240
274	0	222
241	0	374
31	0	262
123	0	166
379	0	232
143	0	7
221	0	180
377	0	247
14	0	354
26	0	357
189	0	378
360	0	332
398	0	296
260	0	53
33	0	23
3	0	36
330	0	240
147	0	159
351	0	329
247	0	198
200	0	90
360	0	47
395	0	90
110	0	243
74	0	324
324	0	273
350	0	366
287	0	260
265	0	245
87	0	12
350	0	372
3	0	125
13	0	76
294	0	300
340	0	378
112	0	166
147	0	203
53	0	276
351	0	197
49	0	170
33	0	375
147	0	346
260	0	220
370	0	86
212	0	125
110	0	377
209	0	111
70	0	71
179	0	43
43	0	86
166	0	102
106	0	144
119	0	140
272	0	232
67	0	23
335	0	203
172	0	127
33	0	370
112	0	267
247	0	18
360	0	316
3	0	39
119	0	176
147	0	240
301	0	226
26	0	218
389	0	204
166	0	152
350	0	334
61	0	232
353	0	263
397	0	316
398	0	218
26	0	222
395	0	11
370	0	243
259	0	127
123	0	47
3	0	31
248	0	146
221	0	254
315	0	378
187	0	87
247	0	243
67	0	292
172	0	349
246	0	260
112	0	81
247	0	235
274	0	146
325	0	95
261	0	313
300	0	31
335	0	358
22	0	79
143	0	15
247	0	373
22	0	254
180	0	90
247	0	216
294	0	247
26	0	146
33	0	107
335	0	392
43	0	283
70	0	52
87	0	136
200	0	85
110	0	95
133	0	55
123	0	146
395	0	150
294	0	41
301	0	255
351	0	84
112	0	76
123	0	21
272	0	184
287	0	329
209	0	300
242	0	21
274	0	368
274	0	61
232	0	48
166	0	341
363	0	7
53	0	221
110	0	215
143	0	242
242	0	197
88	0	398
84	0	245
360	0	263
166	0	82
263	0	70
398	0	370
370	0	215
351	0	31
123	0	85
147	0	211
67	0	267
123	0	339
34	0	278
84	0	221
350	0	296
67	0	265
34	0	329
84	0	18
67	0	329
33	0	253
367	0	235
0	0	200
279	0	53
147	0	31
221	0	90
179	0	254
43	0	282
141	0	16
363	0	195
186	0	52
363	0	40
301	0	141
247	0	151
395	0	349
13	0	196
397	0	18
282	0	255
300	0	241
274	0	5
22	0	80
70	0	295
175	0	22
44	0	58
328	0	322
395	0	306
14	0	290
209	0	130
360	0	31
351	0	105
287	0	242
166	0	11
33	0	216
55	0	140
279	0	220
349	0	166
61	0	141
166	0	184
360	0	40
247	0	49
360	0	280
43	0	176
175	0	262
395	0	156
274	0	33
143	0	194
397	0	247
216	0	106
110	0	235
22	0	282
294	0	25
363	0	329
350	0	103
55	0	11
96	0	333
232	0	374
377	0	147
179	0	207
334	0	296
143	0	329
300	0	15
264	0	251
247	0	196
106	0	313
180	0	215
246	0	334
377	0	6
43	0	47
13	0	347
209	0	254
13	0	327
395	0	122
14	0	232
42	0	350
301	0	388
138	0	141
398	0	87
287	0	129
119	0	150
397	0	283
300	0	349
22	0	298
367	0	308
13	0	135
1	0	74
84	0	74
397	0	258
395	0	2
216	0	220
106	0	113
70	0	281
301	0	347
84	0	361
263	0	12
179	0	17
123	0	70
247	0	60
279	0	329
134	0	283
143	0	90
33	0	6
398	0	292
247	0	287
379	0	251
84	0	187
344	0	374
33	0	70
123	0	287
126	0	322
42	0	82
279	0	219
265	0	391
1	0	247
377	0	340
301	0	196
265	0	222
123	0	355
370	0	235
13	0	122
279	0	247
34	0	287
300	0	398
351	0	55
95	0	264
360	0	65
265	0	42
43	0	215
61	0	292
243	0	61
87	0	70
138	0	106
61	0	176
232	0	396
265	0	221
363	0	185
397	0	154
247	0	379
260	0	258
26	0	41
322	0	262
263	0	306
175	0	327
119	0	261
310	0	147
123	0	232
67	0	40
3	0	169
78	0	267
22	0	273
209	0	76
211	0	329
3	0	315
134	0	349
363	0	88
291	0	196
294	0	217
119	0	7
377	0	35
263	0	126
176	0	152
175	0	86
200	0	329
78	0	76
322	0	387
294	0	26
0	0	106
374	0	240
112	0	152
395	0	140
179	0	203
175	0	101
263	0	159
84	0	227
61	0	327
44	0	195
241	0	287
274	0	107
265	0	137
334	0	290
274	0	209
232	0	89
330	0	155
330	0	18
26	0	204
398	0	374
367	0	81
75	0	186
74	0	261
141	0	354
385	0	203
397	0	6
87	0	151
33	0	71
26	0	6
34	0	37
246	0	45
398	0	165
26	0	247
212	0	102
22	0	7
123	0	372
363	0	90
247	0	273
377	0	176
3	0	344
26	0	74
0	0	58
88	0	232
87	0	219
300	0	274
130	0	200
300	0	265
119	0	146
395	0	180
13	0	109
119	0	85
330	0	187
13	0	242
209	0	15
84	0	255
216	0	350
340	0	189
13	0	240
209	0	183
398	0	315
134	0	127
363	0	397
33	0	242
106	0	184
216	0	224
398	0	146
246	0	378
243	0	307
3	0	102
350	0	83
291	0	235
395	0	283
143	0	203
166	0	89
31	0	151
61	0	16
0	0	350
13	0	152
88	0	58
66	0	203
13	0	87
156	0	151
22	0	180
175	0	146
84	0	370
123	0	274
106	0	158
123	0	174
287	0	6
147	0	147
34	0	373
184	0	375
246	0	147
1	0	41
242	0	194
395	0	92
13	0	125
84	0	21
55	0	182
301	0	81
22	0	308
263	0	84
294	0	106
322	0	31
330	0	12
240	0	306
61	0	283
330	0	375
188	0	127
287	0	210
242	0	106
123	0	227
180	0	146
348	0	117
14	0	188
363	0	79
61	0	354
300	0	76
67	0	315
45	0	202
265	0	349
241	0	89
216	0	243
287	0	47
194	0	151
74	0	375
398	0	282
22	0	0
260	0	30
397	0	213
165	0	113
34	0	368
175	0	354
70	0	114
363	0	361
260	0	186
43	0	23
263	0	169
33	0	31
95	0	148
216	0	258
22	0	354
287	0	213
344	0	89
287	0	46
176	0	122
294	0	212
123	0	297
287	0	232
243	0	86
374	0	203
279	0	109
301	0	176
212	0	348
263	0	101
123	0	15
22	0	84
172	0	216
34	0	366
112	0	1
3	0	260
398	0	197
379	0	80
395	0	70
398	0	348
209	0	197
33	0	130
143	0	392
246	0	213
26	0	233
334	0	19
265	0	329
43	0	265
67	0	103
112	0	203
361	0	113
351	0	156
3	0	7
166	0	203
162	0	111
31	0	79
247	0	197
211	0	210
300	0	137
272	0	341
172	0	333
3	0	328
141	0	313
247	0	125
141	0	214
398	0	36
274	0	329
361	0	214
87	0	31
398	0	107
84	0	106
243	0	127
130	0	334
14	0	329
141	0	226
265	0	76
179	0	129
67	0	219
247	0	156
176	0	76
156	0	240
279	0	76
22	0	195
360	0	224
21	0	300
370	0	196
31	0	83
112	0	196
147	0	81
67	0	76
22	0	387
279	0	74
26	0	352
240	0	127
26	0	334
75	0	220
14	0	7
26	0	227
166	0	45
0	0	15
142	0	397
253	0	181
265	0	139
353	0	215
14	0	198
26	0	375
119	0	309
287	0	204
325	0	377
246	0	298
31	0	81
259	0	38
26	0	117
43	0	156
0	0	294
87	0	125
377	0	316
43	0	102
147	0	154
34	0	315
263	0	210
279	0	221
147	0	394
340	0	117
26	0	70
334	0	182
166	0	274
264	0	144
166	0	266
279	0	292
360	0	392
294	0	221
43	0	263
294	0	314
33	0	47
211	0	70
322	0	358
14	0	84
216	0	217
87	0	7
112	0	122
22	0	243
389	0	113
110	0	32
330	0	334
3	0	47
363	0	344
26	0	158
363	0	396
75	0	258
263	0	211
330	0	211
287	0	388
119	0	11
176	0	267
123	0	265
165	0	181
172	0	251
379	0	373
397	0	175
43	0	232
67	0	146
13	0	217
216	0	53
21	0	265
348	0	322
246	0	328
360	0	212
274	0	41
291	0	243
301	0	229
123	0	55
175	0	60
166	0	374
14	0	80
106	0	105
123	0	87
84	0	15
130	0	87
61	0	184
49	0	68
175	0	45
106	0	251
352	0	83
397	0	194
350	0	373
395	0	152
301	0	267
84	0	60
263	0	373
209	0	211
315	0	25
55	0	306
351	0	287
350	0	329
397	0	84
110	0	156
143	0	101
350	0	197
179	0	154
143	0	136
360	0	125
294	0	276
44	0	60
265	0	255
395	0	127
175	0	370
259	0	349
172	0	38
246	0	203
300	0	84
13	0	249
22	0	287
172	0	207
166	0	150
360	0	378
260	0	221
330	0	17
330	0	371
175	0	102
242	0	265
300	0	184
84	0	85
31	0	86
263	0	329
274	0	101
315	0	40
247	0	106
179	0	210
112	0	287
379	0	324
315	0	334
31	0	31
31	0	203
33	0	218
247	0	329
22	0	186
363	0	221
172	0	203
377	0	34
216	0	273
247	0	262
330	0	218
189	0	334
216	0	322
31	0	146
21	0	15
279	0	197
279	0	186
253	0	162
246	0	219
33	0	261
55	0	122
26	0	79
87	0	282
44	0	9
43	0	260
175	0	18
34	0	379
147	0	273
31	0	387
22	0	235
13	0	370
300	0	197
61	0	75
246	0	388
247	0	81
320	0	341
31	0	186
26	0	33
119	0	287
350	0	151
0	0	398
363	0	214
395	0	188
3	0	219
301	0	324
350	0	48
274	0	74
87	0	81
31	0	240
55	0	2
176	0	196
0	0	354
274	0	247
14	0	296
242	0	174
22	0	233
0	0	347
397	0	328
354	0	165
31	0	196
130	0	292
34	0	11
360	0	155
334	0	392
350	0	349
211	0	373
398	0	327
209	0	261
166	0	240
125	0	72
216	0	339
43	0	194
209	0	14
274	0	263
377	0	223
261	0	105
346	0	273
42	0	175
147	0	349
397	0	290
13	0	146
273	0	92
106	0	247
274	0	125
340	0	85
246	0	316
296	0	66
398	0	14
301	0	76
147	0	329
300	0	106
26	0	186
3	0	176
194	0	203
360	0	6
248	0	7
398	0	125
247	0	211
395	0	232
61	0	169
300	0	9
67	0	17
119	0	329
363	0	374
279	0	370
13	0	14
211	0	366
189	0	40
279	0	41
247	0	215
0	0	175
42	0	347
34	0	151
247	0	182
344	0	396
143	0	197
112	0	106
216	0	175
166	0	287
291	0	273
147	0	391
22	0	290
147	0	256
263	0	2
67	0	263
379	0	187
13	0	221
161	0	139
279	0	36
67	0	371
106	0	16
360	0	182
112	0	125
274	0	204
61	0	14
13	0	255
211	0	34
110	0	324
84	0	156
351	0	19
31	0	235
123	0	350
123	0	194
300	0	372
33	0	84
330	0	229
143	0	300
166	0	147
134	0	282
119	0	306
14	0	17
313	0	374
274	0	171
294	0	15
172	0	195
165	0	162
95	0	64
209	0	374
322	0	86
279	0	315
377	0	287
395	0	58
296	0	1
263	0	242
216	0	235
363	0	334
335	0	216
6	0	37
363	0	89
147	0	45
397	0	36
162	0	261
291	0	86
179	0	396
247	0	392
30	0	215
265	0	352
360	0	322
67	0	44
279	0	240
350	0	379
350	0	211
165	0	214
360	0	273
106	0	341
209	0	87
243	0	168
340	0	5
112	0	49
110	0	320
377	0	158
33	0	197
216	0	30
130	0	315
175	0	227
246	0	6
340	0	322
22	0	204
180	0	329
29	0	144
61	0	256
310	0	158
394	0	48
182	0	87
242	0	88
379	0	106
110	0	39
55	0	169
34	0	308
137	0	375
232	0	287
334	0	198
263	0	392
87	0	36
320	0	347
324	0	147
53	0	242
247	0	351
179	0	372
33	0	203
324	0	31
398	0	284
294	0	357
360	0	371
87	0	306
143	0	216
211	0	340
349	0	83
322	0	392
287	0	197
291	0	215
172	0	12
335	0	370
166	0	159
351	0	136
363	0	255
110	0	26
351	0	204
350	0	155
179	0	242
340	0	40
351	0	392
70	0	11
279	0	374
84	0	217
379	0	329
246	0	117
209	0	202
13	0	71
379	0	360
110	0	15
61	0	233
363	0	113
377	0	209
22	0	31
3	0	374
263	0	106
162	0	251
130	0	378
67	0	155
241	0	396
397	0	260
279	0	18
22	0	18
221	0	154
296	0	38
96	0	68
300	0	60
212	0	370
166	0	70
61	0	374
172	0	185
141	0	387
287	0	203
200	0	101
398	0	2
123	0	374
88	0	80
175	0	106
3	0	96
247	0	358
397	0	254
22	0	58
176	0	255
294	0	176
119	0	25
87	0	73
61	0	116
67	0	90
322	0	106
3	0	81
45	0	183
263	0	366
61	0	349
330	0	84
246	0	47
67	0	141
398	0	223
274	0	139
328	0	266
279	0	341
147	0	111
106	0	329
66	0	45
87	0	233
287	0	184
26	0	60
360	0	295
33	0	138
395	0	182
123	0	266
44	0	185
93	0	76
211	0	290
363	0	217
147	0	90
348	0	40
274	0	42
363	0	298
330	0	216
96	0	170
75	0	30
279	0	357
61	0	20
95	0	230
33	0	372
360	0	7
247	0	308
340	0	25
263	0	339
87	0	328
348	0	334
0	0	39
300	0	52
13	0	374
367	0	243
34	0	1
263	0	290
300	0	174
34	0	372
360	0	388
265	0	220
43	0	235
247	0	86
133	0	85
112	0	308
119	0	152
395	0	282
31	0	243
179	0	197
247	0	203
119	0	182
360	0	117
363	0	186
348	0	224
44	0	298
360	0	44
398	0	41
110	0	81
84	0	357
166	0	72
120	0	182
211	0	12
398	0	375
87	0	273
360	0	328
300	0	392
22	0	332
242	0	372
395	0	169
301	0	349
175	0	156
363	0	101
119	0	101
119	0	70
287	0	216
123	0	235
67	0	84
279	0	309
143	0	87
328	0	374
247	0	70
84	0	174
147	0	76
175	0	90
179	0	68
265	0	374
179	0	89
87	0	1
33	0	146
33	0	260
13	0	197
351	0	87
340	0	105
179	0	374
287	0	165
330	0	324
75	0	221
351	0	146
397	0	53
66	0	147
274	0	375
22	0	316
374	0	151
395	0	154
34	0	85
263	0	141
395	0	254
13	0	226
123	0	329
335	0	12
246	0	36
67	0	129
274	0	35
61	0	204
313	0	394
61	0	146
334	0	84
84	0	211
370	0	273
398	0	169
300	0	297
0	0	82
87	0	290
322	0	177
34	0	351
330	0	109
14	0	398
45	0	247
147	0	374
360	0	209
0	0	232
265	0	327
21	0	26
147	0	137
360	0	35
1	0	227
247	0	352
147	0	354
22	0	184
130	0	40
247	0	370
265	0	217
346	0	182
147	0	251
398	0	283
350	0	146
287	0	65
246	0	240
352	0	166
363	0	266
345	0	176
311	0	349
279	0	393
184	0	287
156	0	203
211	0	242
123	0	168
242	0	339
61	0	133
294	0	74
330	0	398
31	0	215
340	0	313
367	0	215
179	0	216
216	0	332
330	0	329
274	0	218
43	0	96
187	0	200
330	0	130
3	0	284
14	0	31
55	0	287
363	0	245
166	0	138
315	0	117
350	0	219
33	0	210
330	0	373
346	0	198
33	0	12
247	0	73
209	0	251
397	0	179
0	0	49
22	0	34
242	0	15
33	0	113
166	0	297
26	0	314
61	0	282
123	0	88
110	0	300
166	0	346
209	0	392
179	0	180
112	0	240
350	0	127
279	0	14
334	0	105
123	0	243
265	0	398
211	0	126
33	0	290
110	0	25
84	0	339
272	0	329
147	0	80
123	0	106
242	0	274
272	0	63
353	0	90
300	0	339
279	0	135
379	0	354
175	0	329
0	0	80
346	0	125
34	0	88
360	0	334
397	0	388
370	0	81
398	0	102
232	0	375
398	0	85
287	0	88
330	0	298
363	0	102
311	0	127
172	0	298
166	0	21
22	0	255
3	0	295
242	0	297
147	0	398
247	0	12
1	0	60
351	0	116
43	0	177
31	0	156
350	0	88
397	0	74
211	0	211
209	0	70
377	0	214
138	0	343
31	0	308
263	0	31
